9
34
0 0 0 0 1 1 2 3 3
4 5 5 6 1 7 2 8 8
4 5 5 6 6 7 9 10 11
12 13 14 14 15 16 9 10 11
12 13 17 17 16 16 18 10 11
19 13 20 20 21 16 18 22 11
19 19 23 24 21 25 25 22 26
27 28 23 24 29 29 25 30 31
27 28 23 32 32 33 33 30 31
0 * 144
1 + 9
2 * 56
3 + 14
4 / 4 
5 * 336
6 + 19
7 * 45
8 / 3
9 - 7
10 + 13
11 * 840
12 - 7
13 * 60
14 / 4
15 + 5
16 + 14
17 / 2
18 * 15
19 + 15
20 - 1
21 - 7
22 - 8
23 + 16
24 - 5
25 * 192
26 + 1
27 - 2
28 / 3
29 - 6
30 - 5
31 + 10
32 - 3
33 - 5